Coherence: -5.491802105728876
KL-divergence: 4.820552068097251
