Coherence: -6.314667011288767
KL-divergence: 5.202539435454777
