Coherence: -4.271025552309344
KL-divergence: 4.60769506295522
