Coherence: -5.784420267443469
KL-divergence: 6.001177881445203
