Coherence: -5.036905587315074
KL-divergence: 0.8286949076822826
