Coherence: -4.103670646845522
KL-divergence: 0.808693450476442
