Coherence: -6.062594342322906
KL-divergence: 5.008528300694057
